1
1
2
1
218
1
10
1
1
1
1
8
52
2
3
4
1
1
1
4
1
1
1
5
2
4
9
4
57
1
4
3
2
16
1
130
1
6
2
1
5
22
1
1
1
2
1
4
2
3
1
7
1
1
2
1
1
81
1
2
1
8
1
1
1
7
1
1
1
1
1
1
1
1
1
2
3
1
2
2
1
1
1
1
1
1
2
1
41
2
1
1
1
1
1
3
1
1
1
1
1
1
1
2
4
1
2
1
1
2
1
1
2
1
5
4
5
1
1
205
301
150
1
12
17
158
116
43
1
200
139
1
6
7
2
86
5
13
1
5
1
1
118
35
1
61
1
5
5
3
5
42
24
1
11
8
3
1
14
114
2
1
2
2
2
20
32
16
16
2
7
36
2
1
151
5
7
5
4
13
7
6
6
1
1
1
1
129
188
2
3
1
2
7
1
17
13
18
3
5
3
3
2
2
1
755
1
1
1
2
1
1
1
5
1
79
1
6
7
2
16
6
1
11
1
1
13
8
4
1
3
8
1
1
1
1
2
15
1
1
2
1
1
1
1
1
16
2
1
1
1
2
2
1
1
1
1
11
1
98
218
3
2
3
3
3
3
2
1
1
1
1
20
2
10
1
162
2
2
1
1
1
1
1
1
1
1
1
2
1
1
1
1
2
1
1
1
1
1
1
1
1
1
5
5
1
8
116
1
6
4
5
20
8
2
8
18
1
9
4
2
1
2
1
13
1
4
1
1
1
1
1
2
1
1
1
2
1
1
10
2
1
1
1
2
2
1
1
1
1
2
1
1
1
17
13
1
9
1
1
1
1
2
10
1
37
4
1
21
1
8
1
7
1
2
1
1
4
5
13
1
16
1
7
4
1
130
174
1
5
1
14
5
59
1
8
9
2
225
1
4
2
6
1
1
2
6
5
2
23
1
71
1
1
7
8
72
222
24
1
11
3
1
1
44
5
3
5
31
18
1
3
1
3
1
6
16
1
2
3
5
1
64
30
4
1
2
5
2
4
5
21
1
1
1
2
1
1
1
1
1
1
1
1
1
1
1
1
2
1
1
1
3
7
2
2
3
17
88
30
3
2
3
6
2
4
91
5
1
19
21
1
1
4
1
9
1
1
1
3
6
3
1
1
1
1
1
1
1
1
1
1
1
1
1
1
2
1
2
1
8
4
2
6
3
2
3
30
2
63
10
1
2
1
2
5
16
129
1
13
19
39
2
1
1
1
1
1
1
4
1
1
6
1
1
1
12
1
1
1
2
1
1
1
1
1
1
1
1
1
1
1
1
2
1
1
3
5
21
1
3
4
1
1
1
1
1
3
2
10
8
3
5
3
1
1
330
184
69
5
3
11
28
1
4
3
63
226
1
4
4
3
11
105
1
1
21
1
1
1
1
1
2
1
1
1
1
1
1
1
1
2
1
1
1
2
185
2
19
1
1
1
1
1
1
1
2
1
1
1
2
1
1
1
9
4
2
10
3
2
2
1
1
1
162
1
1
1
1
1
2
92
10
1
1
124
1
2
6
68
1
1
11
2
2
2
1
19
1
1
1
1
1
1
4
3
6
2
1
3
1
2
1
12
5
5
1
96
61
4
5
1
121
53
1
43
20
1
13
3
1
102
5
1
27
1
48
142
6
4
1
87
1
13
1
1
2
19
16
1
53
12
7
7
10
1
52
1
5
5
5
1
1
20
10
11
1
4
7
1
1
83
9
1
5
4
82
3
26
1
68
54
69
1
3
8
17
1
83
1
26
20
8
38
134
21
2
1
1
3
4
269
6
1
13
8
1
2
3
5
1
2
1
1
72
10
9
1
93
6
1
3
2
1
1
15
7
6
28
4
1
270
1
91
1
6
5
137
6
4
1
1
1
732
1
1
5
53
22
1
7
6
133
1
21
3
1
112
14
21
4
24
2
8
10
1
10
8
2
33
5
50
6
25
4
86
1
1
2
3
4
8
1
2
3
1
8
3
1
56
50
1
11
16
6
1
1
1
2
1
2
4
1
51
6
4
1
250
2
1
1
2
3
6
187
66
1
1
1
844
1
1
6
4
164
1
2
1
1
1
1
37
1
8
1
1
3
1
1
25
9
2
1
3
4
1
1
4
4
1
8
1
1
112
216
17
1
291
1
1
1
1
1
25
33
1
13
2
1
1
1
1
2
1
1
1
1
180
165
191
139
1
4
6
2
1
13
53
558
328
67
1
1
4
7
1
20
4
1
3
6
1
1
1
2
15
5
2
1
5
1
5
4
1
1
163
557
9
4
2
2
9
3
3
4
177
106
2
1
1
1
1
1
1
1
1
1
1
1
1
2
1
1
1
208
243
4
21
1
50
1
89
6
1
1
6
33
2
6
19
86
14
1
4
8
46
1
1
2
5
1
5
1
1
1
3
3
1
343
1
1
1
2
1
1
1
1
9
1
1
1
5
3
5
1
10
1
1
1
5
9
16
1
94
1
5
5
19
230
155
294
51
8
4
4
5
4
127
5
10
3
52
4
8
5
5
692
113
3
5
77
1
1
1
2
10
1
16
1
1
1
4
8
1
9
181
1
174
1
1
2
1
1
1
1
5
5
37
96
6
36
5
7
5
1
129
1
18
4
1
2
1
19
1
3
2
5
1
2
1
107
22
277
407
227
8
5
1
1
64
32
109
133
196
3
6
4
1
262
25
4
3
3
5
8
4
50
2
12
5
106
30
4
14
3
113
1
9
8
4
1
33
3
2
3
1
424
323
1
193
88
270
1
31
2
1
1
3
1
1
1
2
1
1
1
1
1
1
1
480
223
3
1
5
35
37
6
1
1
3
1
1
1
2
1
1
1
1
1
1
1
1
4
1
1
4
1
1
4
2
7
3
2
4
13
20
21
3
1
2
5
2
5
45
1
1
1
2
1
1
1
1
1
1
1
1
1
1
1
1
2
1
1
4
4
1
101
6
1
3
2
4
179
1
2
5
17
47
1
4
6
110
1
1
5
2
18
2
351
5
4
1
1
4
4
6
1
1
1
6
3
5
1
5
4
1
13
3
116
1
3
4
1
7
1
28
14
6
1
1
1
3
1
5
1
7
4
5
5
1
3
1
1
2
1
1
2
1
1
4
1
1
1
1
1
11
4
5
3
3
2
1
1
50
5
72
1
1
2
12
3
1
12
95
1
10
7
12
2
10
13
1
2
2
1
41
1
20
1
3
1
1
1
4
18
1
1
128
3
8
9
2
4
5
2
1
22
114
1
445
4
2
102
61
1
6
1
2
32
4
1
2
1
5
15
2
1
10
7
17
1
124
1
2
1
4
4
3
2
1
1
651
737
1
529
1
1
7
212
1
2
1
1
6
2
1
1
5
1
1
394
78
1
15
8
5
1
8
1
14
1
39
1
5
82
54
7
28
407
1
4
6
167
283
7
1
1
1
5
8
18
1
136
5
1
108
3
9
10
8
2
3
6
8
4
6
3
80
1
4
6
3
2
2
1
372
1
6
1
1
1
5
1
1
1
71
4
2
9
3
3
4
9
1
1
1
1
2
1
1
1
16
4
2
1
3
23
4
77
2
1
1
1
6
3
1
4
12
1
23
3
1
2
1
49
1
3
2
5
1
2
1
202
1
3
1
1
6
29
2
1
1
1
354
54
261
1
80
1
2
2
1
9
8
2
17
4
1
293
116
66
23
340
298
15
1
23
15
50
6
216
1
2
1
2
4
21
1
45
4
19
5
18
207
4
9
3
3
8
1
3
2
2
199
1
3
7
1
1
1
1
2
285
209
326
129
1
3
3
11
2
2
1
97
151
27
1
3
8
1
7
7
15
3
54
1
10
2
1
2
6
1
1
1
93
18
2
15
13
7
15
1
6
8
15
63
192
370
1
123
1
34
2
8
9
9
1
11
1
12
7
1
5
3
11
10
1
2
6
7
4
20
1
8
1
1
78
1
10
1
2
1
115
158
1002
3
20
21
1
1
1
1
1
1
4
3
56
1
1
1
5
8
17
1
30
5
3
12
4
1
15
8
12
4
13
1
4
2
1
1
1
1
1
1
1
1
1
1
1
1
2
1
1
2
1
1
1
1
1
1
1
1
1
1
1
1
1
1
1
2
3
2
1
1
1
1
78
74
45
11
1
1
5
2
18
2
100
14
4
18
1
72
86
1
5
3
3
2
1
1
2
1
211
6
4
1
1
2
1
143
1
6
8
4
28
7
4
1
45
1
5
1
4
1
15
1
5
4
4
1
28
8
15
1
5
1
5
6
9
6
1
1
390
2
9
9
3
13
229
26
156
1
1
1
2
1
100
1
6
4
1
1
1
1
19
1
1
2
1
1
1
7
1
16
1
6
1
14
6
1
13
1
36
45
335
40
93
475
1
95
1
1
3
3
1
243
22
6
12
18
1
12
68
41
1
3
33
6
1
9
2
1
1
1
1
6
3
1
7
1
8
1
5
4
5
1
7
4
4
29
204
193
1
24
2
5
9
1
47
1
2
3
8
1
4
1
1
45
16
31
80
6
57
1
5
14
7
5
26
25
6
26
1
15
1
1
2
8
1
1
1
1
3
1
3
1
1
2
2
1
1
1
106
36
50
1
3
1
2
5
2
5
503
190
4
2
8
3
2
4
27
3
142
1
1
1
1
1
1
2
1
1
6
1
1
1
1
2
144
2
3
2
1
1
3
5
20
1
1
1
2
2
1
1
1
1
1
1
1
1
1
1
1
1
1
14
2
1
1
4
1
1
1
6
1
1
4
1
6
1
1
4
11
1
5
1
1
1
69
1
2
1
5
1
5
1
1
4
11
8
1
3
8
13
1
2
85
40
1
3
9
84
24
1
14
8
8
12
4
6
1
3
6
4
5
5
7
4
168
25
1
11
13
1
16
1
7
1
2
1
1
1
4
4
1
38
12
3
10
359
11
5
16
4
2
1
2
1
20
3
3
3
124
222
5
1
14
10
7
2
260
26
1
5
6
1
1
1
5
8
18
1
38
5
5
1
1
28
1
1
2
39
2
1
1
1
1
1
1
2
1
1
2
4
1
1
3
1
1
2
1
2
5
1
1
1
1
18
20
51
4
3
2
8
10
3
1
21
4
1
1
61
34
1
24
1
1
1
1
1
5
1
1
1
1
1
1
2
1
1
72
1
2
1
6
17
2
1
1
1
34
4
2
2
7
2
3
4
48
23
157
64
1
1
1
2
1
1
1
1
1
1
1
1
1
1
1
1
2
72
8
1
7
3
35
9
1
6
1
118
22
57
5
1
168
5
68
2
23
1
17
2
1
1
6
6
7
8
1
1
1
1
1
4
2
1
2
1
272
1
1
1
1
2
1
1
1
1
2
5
1
384
4
7
1
4
13
5
23
1
457
1
1
1
1
1
1
1
2
1
4
3
1
1
1
271
2
1
1
1
1
1
1
1
1
1
1
1
1
2
1
1
1
1
6
218
13
3
2
1
1
2
148
1
1
3
204
1
316
1
38
1
1
235
1
2
174
2
5
6
1
35
37
1
5
2
1
457
15
9
1
1
2
1
1
3
2
1
1
1
1
2
1
1
15
31
78
243
7
1
1
3
1
1
1
2
1
1
1
1
1
1
8
651
1
1
70
274
6
25
1
1
1
1
1
4
1
2
4
1
17
1
4
2
2
1
2
1
1
1
1
1
3
1
1
1
1
1
1
1
2
3
1
1
2
2
1
2
1
4
1
1
7
4
1
1
19
44
19
1
2
3
1
12
1
1
5
1
1
1
1
1
1
1
8
59
56
11
4
16
5
55
315
2
11
4
1
1
1
1
1
1
6
1
367
2
1
2
1
1
2
1
1
3
2
1
10
269
289
1
1
1
2
1
1
1
1
1
1
1
1
1
1
1
1
3
57
4
1
332
47
191
2
1
1
1
1
1
1
1
1
1
1
1
1
1
1
1
1
1
8
4
2
7
2
3
3
2
48
1
1
6
1
8
3
5
1
1
1
1
68
34
1
17
6
13
10
1
5
1
10
1
5
11
2
6
1
159
2
41
62
5
10
4
93
5
16
3
1
2
1
15
5
112
1
7
8
2
31
20
1
9
14
5
2
1
21
1
9
1
11
4
1
3
9
10
2
8
3
2
1
1
1
1
1
1
4
1
1
4
2
1
1
2
9
1
17
1
4
6
2
1
7
3
2
1
1
30
2
2
1
1
9
2
2
2
1
1
1
1
9
1
2
1
1
1
1
1
1
2
1
1
1
4
4
3
2
1
1
30
1
17
8
5
1
1
1
16
6
10
5
71
1
4
4
1
11
6
3
1
13
4
1
37
4
28
1
5
4
1
30
1
2
65
1
1
1
1
1
2
1
1
1
2
1
1
1
1
1
1
14
2
101
2
63
1
1
1
1
1
1
1
1
1
1
1
2
1
2
1
1
159
237
1
5
209
1
1
1
21
2
1
1
1
1
1
1
1
1
1
1
1
1
1
1
1
1
1
2
1
420
1
1
3
146
1
1
2
1
1
1
4
1
1
1
3
1
2
1
13
9
36
1
4
2
3
1
1
518
1
176
12
1
1
1
1
1
1
1
1
2
89
2
2
173
67
36
19
13
4
2
3
6
2
4
6
275
130
1
1
1
3
1
1
1
1
2
2
1
1
1
1
1
1
1
108
1
1
1
2
1
1
1
1
1
9
6
4
1
1
1
13
26
11
2
1
10
1
5
9
1
5
1
172
276
2
1
2
4
4
163
2
2
103
2
7
5
1
218
7
16
10
4
1
18
58
2
1
94
212
6
303
3
16
4
19
1
1
5
3
4
1
8
23
1
285
7
1
9
3
3
5
1
2
1
356
44
3
13
6
2
3
1
5
1
3
7
1
1
1
1
2
1
1
4
1
1
3
245
1
32
5
26
1
2
1
1
1
1
1
1
1
1
1
1
1
1
1
1
1
1
1
73
1
1
1
1
1
1
1
2
1
1
1
1
3
1
1
1
1
1
77
1
1
1
3
1
1
1
2
2
1
1
1
1
1
1
1
25
1
1
1
1
1
1
2
1
1
1
2
1
1
1
1
75
50
7
1
1
1
2
1
149
7
1
83
8
36
1
1
85
1
13
9
7
2
242
71
6
32
5
10
3
35
1
5
3
1
4
3
8
28
1
10
1
1
1
4
18
1
14
5
18
1
1
1
1
102
2
8
6
1
4
1
4
5
1
18
3
8
1
7
1
8
1
1
1
1
14
6
5
3
11
9
146
1
4
6
19
15
55
4
1
3
2
7
5
19
1
10
3
1
1
10
4
1
1
1
14
8
1
1
6
1
434
216
183
9
442
296
1
2
3
21
1
383
1
2
4
20
3
14
1
16
18
61
6
4
1
30
18
1
1
4
268
6
1
1
1
1
1
1
1
1
1
1
1
1
1
63
1
1
1
1
5
10
3
251
122
311
72
3
11
4
7
13
1
2
101
95
1
3
1
57
158
1
2
1
5
3
1
4
1
1
321
1
1
1
1
6
3
1
4
102
4
9
3
3
3
36
6
4
1
45
1
12
6
1
3
6
1
1
1
195
5
1
4
1
1
56
31
6
2
5
1
19
11
223
1
1
1
1
1
38
2
1
631
167
49
5
103
1
5
1
3
31
194
19
1
230
100
63
1
98
52
1
176
1
1
2
85
10
52
63
15
16
6
15
38
1
3
26
2
5
1
7
3
4
2
26
1
11
1
75
41
7
1
2
1
1
4
4
4
5
1
1
2
2
2
12
2
1
2
1
1
1
4
4
1
33
83
1
1
3
7
1
2
1
1
1
1
46
4
1
1
25
15
4
1
241
1
2
1
1
2
2
5
1
1
36
1
1
1
1
1
1
1
1
2
1
1
1
1
1
1
1
6
197
1
4
1
1
4
1
1
1
1
1
264
93
4
1
1
1
1
4
2
1
1
1
1
1
10
3
2
1
9
1
1
1
1
1
22
1
5
1
2
24
1
1
1
4
1
22
3
30
2
6
8
3
77
2
1
13
4
62
11
1
41
1
3
4
2
1
1
141
44
53
2
21
6
2
6
1
2
1
23
1
24
1
114
1
31
2
1
2
1
56
7
1
363
150
879
1
1
1
1
281
1
6
2
1
2
2
1
219
113
1
1
1
2
54
40
136
189
110
35
3
2
6
3
2
3
28
2
15
2
37
20
1
2
1
2
5
2
2
6
9
1
200
1
1
1
1
1
1
1
2
2
1
1
1
3
1
1
1
324
281
229
1
1
1
1
1
1
1
1
2
1
1
1
1
1
3
1
52
1
1
2
2
3
3
9
1
3
8
16
1
24
4
7
5
10
1
5
1
1
1
1
2
2
1
1
1
2
1
1
1
1
1
1
1
1
2
95
1
1
10
1
7
4
1
1
1
4
6
54
16
12
1
3
6
2
1
1
1
58
2
1
14
1
2
3
2
13
8
2
1
2
8
1
4
1
1
20
1
11
4
5
1
1
18
2
1
1
8
1
2
1
2
5
7
229
1
1
1
1
1
1
1
2
1
1
3
1
1
1
341
1
1
1
2
1
1
1
1
1
1
1
1
1
1
1
1
2
1
1
1
1
1
2
1
1
4
1
1
2
1
1
1
1
4
1
1
30
1
2
1
1
1
1
1
3
1
1
7
1
1
1
1
6
1
1
3
1
2
7
1
5
2
1
1
1
2
3
6
5
16
1
70
233
1
1
1
157
99
672
1
1
369
9
1
2
9
2
262
1
250
93
2
3
1
2
1
1
1
210
1
35
75
1
34
3
12
2
1
1
2
42
19
8
9
1
2
5
5
1
1
78
1
97
3
1
2
5
4
6
2
4
47
4
3
2
8
2
4
26
1
1
1
1
3
1
1
1
1
1
14
7
4
1
7
8
7
12
4
12
12
62
1
9
5
2
23
3
1
39
17
46
4
1
51
2
1
1
1
1
1
1
1
1
179
147
107
557
401
100
995
55
13
1
5
4
1
320
838
77
1
28
143
1
2
1
1
6
16
1
3
1
1
3
1
1
4
4
10
1
3
1
10
523
53
514
117
1
402
2
131
69
1
80
26
1
3
4
1
121
94
27
1
239
4
4
2
1
1
11
38
2
1
3
3
22
1
88
1
5
173
439
58
2
7
1
9
1
1
3
1
4
1
4
194
35
7
2
13
2
94
1
10
7
7
1
5
103
1
5
6
3
5
26
3
1
30
4
3
1
17
1
6
7
2
29
1
4
4
1
7
3
3
1
3
7
5
1
185
1
2
9
3
2
1
1
303
1
3
17
1
11
1
2
6
6
198
1
32
1
38
147
1
11
7
15
1
18
1
57
5
5
1
34
7
10
4
2
1
57
3
1
1
1
8
5
29
2
9
6
6
4
1
32
3
1
1
8
1
172
298
17
529
11
287
32
1
5
4
1
8
1
4
1
2
6
2
4
5
17
11
14
1
1
1
2
1
1
1
19
1
90
1
1
1
1
1
1
1
2
2
1
1
1
3
1
1
1
234
1
64
31
1
2
3
8
4
3
3
8
2
4
1
133
1
1
1
1
2
2
10
1
357
11
2
5
1
11
1
34
118
25
271
1
1
8
1
1
1
19
1
6
9
2
16
245
86
8
1
65
1
5
3
9
6
1
2
1
1
95
1
1
1
143
5
124
3
12
9
10
1
156
1
11
67
58
1
16
8
5
1
1
1
9
107
10
1
12
8
2
7
1
1
1
1
94
3
21
2
1
8
2
1
1
1
5
1
9
12
2
115
82
1
24
8
17
3
1
15
1
7
2
1
3
11
1
2
2
1
1
1
4
1
1
10
1
1
12
1
8
1
54
1
1
1
2
1
2
4
409
1
24
1
248
1
6
9
1
93
2
1
2
15
1
29
41
101
22
6
65
1
1
156
63
1
3
15
1
1
1
1
10
390
23
44
2
2
1
1
2
1
1
1
1
1
2
1
1
1
1
3
1
1
1
1
1
2
1
1
1
4
6
3
52
1
6
9
1
16
57
12
4
29
1
4
5
25
5
114
388
11
2
9
30
1
19
8
9
10
3
5
2
1
8
8
1
8
12
107
357
37
54
3
13
7
35
41
5
2
2
6
1
2
1
62
1
3
4
1
1
1
5
1
1
1
1
1
1
2
1
1
2
1
2
1
1
2
14
4
1
25
1
8
1
1
10
20
6
18
3
23
1
3
7
1
1
43
1
13
17
1
6
2
34
2
1
22
1
8
1
1
4
2
7
2
3
3
2
26
1
1
1
6
1
1
1
1
6
2
16
1
1
1
2
3
4
3
2
4
214
14
1
1
26
1
1
3
333
1
22
1
2
1
265
173
16
5
4
1
280
2
16
42
2
1
1
1
1
1
5
1
4
1
5
3
4
21
3
8
5
7
1
1
2
1
2
1
1
2
1
1
1
2
2
1
1
1
3
1
1
1
4
1
1
1
4
2
6
3
2
3
30
1
1
20
379
549
1
2
1
7
8
3
7
12
1
33
23
1
272
1
142
1
5
5
37
6
1
17
1
6
1
15
1
7
32
2
4
44
8
7
6
8
21
1
3
1
52
1
34
12
4
287
47
45
6
4
1
221
2
12
6
1
3
6
1
1
1
1
11
154
11
1
5
3
5
178
11
3
116
77
1
14
8
5
1
1
1
76
8
45
12
16
15
53
2
1
3
1
5
12
1
26
1
1
1
1
1
11
1
1
1
1
1
1
1
1
1
1
75
2
2
1
1
1
12
1
1
3
1
1
1
1
1
2
152
2
1
3
1
1
1
1
1
1
1
1
1
1
1
2
1
1
1
22
4
3
2
7
2
4
24
3
1
1
1
1
1
2
1
1
4
2
4
3
1
1
2
2
1
2
1
1
1
1
1
1
6
1
1
33
2
4
12
1
6
1
9
1
35
6
1
1
1
1
1
1
1
1
1
2
1
1
1
6
1
5
1
3
1
1
6
3
1
14
1
1
429
1
1
1
1
1
2
1
1
2
1
1
1
1
1
6
4
3
10
19
2
3
1
1
1
4
4
4
236
58
195
6
127
1
5
4
25
1
2
167
3
5
1
1
6
4
1
1
30
1
1
5
1
8
10
1
5
1
81
1
46
1
52
1
6
3
5
1
9
11
5
179
73
3
17
4
97
7
9
2
159
1
2
1
6
2
43
1
5
3
24
1
9
10
1
1
9
1
6
13
2
6
1
2
1
13
3
1
1
1
1
3
5
1
10
10
39
6
2
1
1
4
2
2
17
9
2
4
89
11
10
1
2
1
2
5
7
157
1
94
1
1
1
1
1
1
1
1
1
1
1
1
1
1
1
2
2
4
1
1
1
1
4
1
13
1
1
2
1
9
1
1
3
4
1
132
1
38
1
36
2
1
33
4
5
4
1
106
1
43
4
4
1
6
70
21
1
44
1
5
3
5
1
1
7
20
101
1
5
1
50
26
10
2
16
2
5
1
3
5
1
83
7
4
1
1
1
1
102
2
79
1
10
7
1
1
12
2
1
49
1
4
2
3
3
1
4
1
23
2
3
1
2
21
7
1
1
1
1
2
1
60
5
1
1
8
1
4
1
169
76
2
7
6
1
55
9
3
6
3
8
5
4
47
1
2
148
16
8
1
1
13
33
35
1
1
23
1
4
7
6
4
3
4
2
50
1
1
1
43
2
1
2
171
2
3
217
1
1
83
6
233
1
5
1
5
59
8
24
122
1
4
1
1
5
8
2
9
1
24
13
1
1
4
13
12
1
14
2
5
9
1
3
5
1
7
30
4
12
3
2
15
4
1
8
1
1
1
1
182
117
25
17
14
6
116
72
1
6
1
5
1
13
3
17
108
162
84
1
637
1
14
13
2
5
11
1
303
1
1
3
5
2
28
1
7
583
125
1
135
1
53
7
1
22
2
1
4
3
1
408
27
1
1
11
1
1
2
1
1
1
1
1
578
1
1
1
1
1
1
1
4
1
1
1
1
4
2
4
1
1
1
382
81
5
1
2
1
2
5
2
5
398
5
1
4
6
2
1
3
35
17
22
1
1
1
2
1
1
1
3
1
1
1
1
1
1
1
1
1
1
18
1
1
1
21
2
1
3
1
1
2
1
1
5
1
1
4
1
1
1
1
93
1
17
1
1
2
1
2
1
1
1
1
2
1
1
1
2
1
5
3
8
1
1
1
1
2
7
72
10
20
2
2
2
6
2
4
9
21
1
95
1
150
51
3
1
1
1
2
2
1
1
1
1
1
1
5
420
443
369
17
63
1
1
3
119
1
1
8
1
1
14
1
1
127
1
183
152
1
6
402
232
1
1
14
3
1
2
1
1
1
2
1
1
1
5
2
5
1
1
1
1
1
87
14
34
1
1
10
2
1
1
1
2
1
1
1
1
1
1
1
1
1
1
1
1
1
1
1
1
1
7
5
8
2
1
17
1
113
1
1
1
6
16
16
131
1
42
31
1
5
2
5
4
5
1
5
2
10
22
1
13
1
1
1
1
1
1
1
1
2
1
1
2
1
1
1
1
1
1
139
2
382
11
1
2
1
2
5
9
75
1
15
1
65
73
1
1
4
1
8
1
1
1
1
1
1
1
1
1
1
31
149
8
1
1
3
1
3
1
1
2
1
3
53
42
19
7
1
2
1
2
5
7
5
7
47
1
1
1
1
1
1
1
1
1
1
2
1
1
1
1
1
5
2
15
3
1
3
6
7
12
12
2
3
1
1
1
3
1
14
1
1
2
1
3
1
5
1
6
1
1
7
1
4
1
15
2
35
1
1
1
1
4
6
8
1
4
111
1
190
16
4
9
138
8
1
7
27
4
41
1
1
2
30
7
1
1
1
3
3
38
1
1
4
1
1
1
1
4
2
1
47
1
127
1
3
13
1
22
3
7
1
1
1
1
2
6
4
2
1
3
1
48
4
19
5
2
8
8
2
16
1
3
8
16
2
1
2
2
3
11
5
30
31
2
8
3
2
1
24
1
4
3
98
42
26
3
1
1
2
1
40
1
3
4
38
4
32
42
11
24
3
1
4
6
1
1
1
1
1
6
1
1
2
1
1
1
1
1
1
2
34
26
1
1
1
2
2
1
1
1
2
1
1
1
1
1
1
2
8
1
1
8
1
7
3
5
1
1
484
16
8
1
8
22
2
2
313
1
10
11
3
1
1
89
1
19
7
159
291
4
3
2
1
2
1
11
1
23
3
1
4
10
1
1
1
1
108
2
1
1
10
2
3
129
3
3
1
5
1
11
1
1
1
21
7
1
7
3
5
28
35
27
32
45
186
2
2
140
149
191
12
4
18
5
5
8
6
127
3
1
30
13
1
3
4
1
120
79
23
109
7
1
3
1
7
7
1
1
9
13
6
1
10
1
1
2
6
1
4
1
3
8
1
5
4
1
1
1
3
10
59
1
1
1
1
4
7
1
4
47
1
25
24
1
1
1
1
1
1
1
1
1
3
1
1
14
1
24
1
4
5
2
5
2
14
1
1
120
6
16
1
88
11
1
420
1
15
6
1
23
7
11
5
49
42
43
1
79
3
11
7
10
1
7
12
230
21
1
1
2
12
40
1
94
6
7
5
5
3
5
38
1
6
1
1
3
7
4
1
1
14
1
4
2
4
1
27
44
1
5
2
6
3
8
1
15
1
60
3
8
1
5
8
14
6
1
1
1
9
1
4
23
32
1
17
1
3
1
1
2
398
1
4
8
190
128
1
1
4
4
3
2
1
1
148
1
2
5
3
1
4
11
8
3
137
103
5
2
6
1
2
1
61
12
1
29
7
4
1
1
7
5
7
5
482
58
128
458
1
6
1
8
10
2
53
17
45
1
35
1
2
1
268
104
137
1
3
77
57
1
2
1
6
2
5
1
52
1
4
6
44
1
1
2
6
7
1
7
1
2
1
5
3
1
9
1
148
3
3
1
88
9
1
1
6
1
16
4
2
1
1
10
1
127
74
5
5
1
295
1
25
19
1
2
4
1
2
1
1
15
6
1
3
2
1
1
4
6
261
98
4
196
25
1
48
3
6
43
17
6
48
19
3
65
1
32
6
6
1
4
1
4
1
5
2
1
8
3
2
196
168
8
5
1
1
1
1
2
1
2
1
2
1
1
1
1
1
2
1
1
1
1
1
1
1
1
3
1
1
1
2
2
1
1
4
1
1
1
1
4
4
7
17
20
4
1
1
113
1
4
1
16
1
2
25
1
100
1
47
1
8
1
47
1
4
7
11
7
2
6
3
1
1
2
62
57
1
4
6
10
5
40
1
1
2
3
13
1
4
7
5
4
3
4
2
127
217
7
1
91
1
92
115
6
4
1
115
2
15
2
1
1
19
8
139
4
5
9
4
128
27
1
6
1
6
40
4
1
3
7
1
1
1
1
2
1
1
4
6
1
2
12
1
1
1
637
30
190
3
1
1
3
1
9
1
147
1
10
200
13
18
77
7
1
4
5
3
28
6
1
14
1
10
10
8
4
17
15
149
1
5
4
12
7
11
1
84
7
57
1
1
5
1
29
1
4
5
82
6
129
7
63
1
12
5
1
16
2
97
14
1
1
99
2
1
2
4
52
627
2
2
13
6
3
1
2
18
1
1
138
7
1
202
1
21
1
1
5
5
92
4
11
13
2
1
4
2
3
3
1
8
7
3
10
1
6
15
1
1
1
18
4
50
1
3
7
1
9
3
2
1
1
4
1
1
6
7
1
106
4
1
7
7
109
3
12
1
67
1
3
1
2
5
3
1
2
1
2
1
6
3
2
1
11
3
6
25
1
2
3
4
4
1
4
2
6
4
11
3
2
4
5
1
4
1
1
1
1
2
3
8
44
49
44
54
3
74
14
1
3
4
12
3
16
1
1
13
2
3
16
1
146
1
309
387
1
15
2
3
4
5
10
139
308
185
2
7
21
2
16
2
1
57
104
6
1
1
15
1
5
2
17
2
19
2
1
1
1
1
7
3
1
6
1
2
1
1
1
1
1
1
2
1
1
6
1
1
1
1
4
6
1
1
517
108
178
624
1
33
2
142
8
1
5
2
19
7
2
19
163
1
2
1
5
3
3
2
1
32
5
8
1
91
4
3
6
112
1
9
6
1
3
124
25
5
27
14
34
1
1
2
2
3
4
20
29
1
14
1
14
1
4
1
1
1
1
187
1
2
1
1
140
1
4
8
1
1
109
601
67
1
1
1
2
1
1
1
7
1
1
2
1
5
1
2
4
1
11
1
2
1
1
1
3
1
1
12
2
1
109
5
4
1
113
9
18
1
80
6
10
2
38
1
1
34
3
1
20
4
1
268
2
6
1
244
1
5
5
78
7
12
90
4
4
273
1
4
356
697
4
3
1
2
6
2
3
3
1
285
1
96
97
12
5
2
8
1
260
113
1
3
10
3
14
10
1
17
102
1
1
1
1
367
6
114
73
257
1
1
60
2
4
2
2
38
2
2
1
1
1
1
2
1
1
2
1
1
1
1
1
15
1
1
1
15
2
1
1
1
1
6
4
1
142
1
14
3
1
3
110
2
7
1
2
3
20
1
5
1
2
1
1
18
7
4
1
66
174
26
2
82
1
1
1
1
1
1
3
1
1
2
1
1
1
1
22
1
1
1
1
2
1
1
1
1
1
2
1
1
1
1
14
5
2
1
2
1
7
20
217
3
29
4
3
3
8
2
4
212
83
79
1
1
1
2
1
1
1
1
1
1
1
1
1
1
1
1
2
16
31
19
10
1
1
1
2
1
1
2
1
1
1
2
1
2
1
1
2
35
1
1
2
5
3
1
5
2
20
5
2
1
3
11
1
1
57
15
1
1
12
1
81
22
1
74
1
5
3
1
1
1
1
1
2
4
1
11
10
7
12
159
5
165
105
2
1
1
1
1
7
3
1
4
13
1
4
4
1
1
1
3
3
1
118
4
4
17
88
1
2
8
1
135
2
176
9
6
197
22
8
78
1
1
2
16
18
1
28
2
14
1
4
4
36
3
172
8
1
1
2
1
1
4
4
1
48
1
1
10
1
4
1
38
1
3
20
1
1
1
2
5
2
1
23
1
5
4
1
1
1
9
1
161
5
4
1
1
4
24
96
154
1
4
85
1
1
1
1
3
6
1
10
39
7
13
1
19
1
2
1
6
2
5
1
1
1
18
5
1
3
2
1
1
4
1
1
1
30
3
1
108
1
222
1
15
6
3
1
133
1
4
3
1
27
4
1
18
2
3
2
9
1
7
1
2
1
1
1
1
4
2
1
14
136
2
7
9
13
1
5
1
5
6
72
14
4
17
6
3
19
6
8
1
2
1
1
39
1
1
2
3
8
1
2
10
13
1
63
62
28
109
4
7
1
207
129
436
1
3
15
5
81
1
27
335
66
17
5
10
12
307
1
3
1
1
2
1
1
2
1
1
4
1
1
1
1
38
58
1
2
48
1
3
4
4
2
4
1
3
22
1
2
1
29
6
84
5
37
77
26
7
1
1
2
101
177
2
8
9
1
11
1
1
2
3
8
5
6
1
11
1
1
89
1
10
7
1
1
1
9
11
1
49
8
16
1
30
5
8
15
8
1
8
5
2
1
8
8
1
1
9
1
4
1
1
7
6
1
1
5
7
5
5
15
1
67
200
8
1
13
1
8
14
3
32
26
27
95
64
85
17
8
1
6
8
4
288
196
1
2
5
3
6
1
7
4
10
6
1
2
1
1
298
12
2
8
1
7
1
3
6
1
1
1
1
73
1
1
3
1
4
2
1
21
13
1
309
2
1
1
1
1
1
1
1
1
1
1
1
1
2
1
1
1
190
1
1
1
3
1
1
1
2
2
1
1
1
1
1
1
1
31
69
227
690
103
1
1
1
1
1
1
2
1
1
4
1
1
1
335
2
47
1
1
1
1
2
1
1
3
1
1
1
1
1
1
26
1
1
1
1
2
1
1
4
3
1
4
1
1
1
1
1
1
1
1
1
116
5
1
5
282
416
1
1
1
1
1
1
1
1
2
1
1
1
1
1
1
1
1
1
456
38
739
360
50
724
1
110
1
88
1
4
1
1
6
1
1
1
8
95
1
47
1
1
14
1
1
1
1
1
2
1
2
5
3
1
1
1
1
1
1
39
1
1
1
1
1
1
1
1
1
43
229
1
158
295
2
1
1
1
1
1
1
1
1
134
1
1
15
368
133
463
183
223
1
1
3
3
7
1
295
142
2
5
2
5
7
4
469
179
2
3
4
284
1
2
1
5
2
18
6
519
1
4
4
1
271
101
2
1
1
1
1
6
3
1
4
167
34
80
286
11
4
2
1
2
215
676
4
1
1
1
1
60
1
3
6
6
1
1
17
1
1
1
257
6
1
3
1
28
67
46
5
48
3
227
1
119
76
17
1
11
2
1
188
8
3
1
2
3
1
162
112
1
15
1
6
18
2
37
1
4
1
1
1
2
3
1
1
1
1
1
4
3
1
5
32
6
3
3
1
3
47
1
2
3
3
1
1
1
6
11
3
10
1
5
3
5
8
4
12
5
13
5
2
5
1
548
2
2
2
3
9
4
79
1
13
1
3
5
1
1
1
11
1
4
2
16
1
4
1
1
6
62
257
3
1
201
1
1
3
20
29
26
1
178
1
380
128
8
1
4
1
14
122
94
1
1
269
1
1
1
3
2
69
1
1
10
6
4
1
1
1
112
1
15
3
1
126
1
13
3
1
55
1
1
1
1
1
1
1
4
1
1
2
1
1
37
1
25
1
1
7
1
1
1
1
1
1
1
1
2
2
1
1
1
3
1
1
1
2
15
7
2
8
2
1
4
15
1
1
2
2
1
1
1
2
1
1
1
1
1
1
1
1
1
220
255
1
1
19
67
1
2
31
100
1
1
1
8
1
5
1
3
36
2
1
1
4
6
1
4
11
1
1
1
34
2
1
67
1
1
3
2
1
1
5
6
1
2
7
1
1
6
1
18
1
1
1
1
52
33
429
20
1
335
5
1
1
1
1
1
1
2
1
1
1
1
1
1
2
1
1
1
199
1
150
329
1
1
34
4
1
2
8
2
7
51
8
1
1
8
1
3
1
13
1
1
1
2
1
1
1
1
1
1
1
1
1
1
1
1
2
42
4
2
3
14
4
2
13
1
6
1
1
1
23
3
1
1
2
4
1
4
1
31
8
1
118
9
1
1
1
1
1
3
1
1
1
1
2
1
1
19
64
1
42
6
6
6
4
6
4
7
2
2
4
3
54
1
1
1
1
1
2
7
49
74
2
7
1
1
7
59
10
30
2
2
45
1
729
1
1
1
19
1
1
4
1
1
1
7
4
1
1
197
319
284
280
1
5
1
1
1
5
1
1
13
6
1
13
1
5
1
39
18
2
2
43
1
241
4
2
20
13
3
2
3
30
75
48
1
1
1
1
1
2
1
1
11
46
1
1
2
2
1
1
1
1
13
105
31
5
121
167
1
168
1
1
1
13
8
1
236
24
1
1
1
2
1
1
1
1
1
1
1
1
1
1
879
1
1
2
1
2
14
1
8
190
1
1
1
3
2
1
1
1
2
1
1
1
1
54
64
1
1
1
2
2
1
1
55
2
10
1
1
1
1
1
2
1
1
1
2
1
1
1
1
8
103
2
127
1
1
1
1
1
1
1
2
2
1
1
1
3
1
1
1
243
1
9
1
1
1
1
1
15
9
1
5
1
1
111
124
187
4
299
3
4
7
5
8
1
5
8
41
12
3
10
23
100
98
1
5
3
4
1
3
3
3
1
1
47
1
3
162
1
3
1
47
68
1
12
3
1
2
184
1
87
2
1
9
9
5
1
1
20
8
9
2
1
6
1
3
1
10
470
1
9
4
2
1
2
16
2
3
3
5
11
1
8
3
1
3
1
4
2
1
20
3
15
356
3
4
4
1
74
1
4
3
224
1
1
32
11
4
13
8
1
2
20
5
4
7
1
5
5
2
7
27
9
1
1
1
22
58
213
103
134
1
17
2
1
1
19
166
24
1
19
1
19
9
7
2
1
1
40
71
1
12
1
11
1
8
13
8
2
2
3
14
10
2
41
46
1
3
4
2
78
11
18
7
1
6
19
4
8
10
7
1
1
2
5
61
19
1
10
85
15
8
10
1
4
1
85
2
4
2
1
87
1
2
1
1
3
1
1
1
1
1
1
1
1
2
6
1
12
2
76
10
9
1
5
11
3
4
1
1
1
1
1
1
1
1
1
1
1
1
1
1
1
2
1
33
1
1
1
1
1
7
1
3
1
1
48
1
1
1
1
1
1
2
1
1
1
1
1
1
4
2
1
1
1
38
2
1
2
3
1
1
1
2
1
1
1
1
1
1
8
1
2
1
64
5
2
1
1
6
20
1
8
3
1
9
5
1
3
5
1
215
4
2
1
626
1003
1
5
3
5
310
1
14
1
2
1
1
1
1
1
1
6
3
1
1
1
1
164
8
1
1
1
2
1
1
1
1
1
1
1
3
2
1
179
1
1
1
2
1
1
1
1
53
1
1
1
1
526
1
1
11
9
8
1
7
3
5
1
9
1
6
2
2
4
1
1
5
1
3
1
1
3
20
58
5
3
1
21
78
1
3
4
10
1
3
4
1
5
1
1
1
1
2
7
2
3
4
47
15
1
1
1
1
1
1
1
1
1
1
1
1
1
2
2
1
1
1
62
1
29
1
1
1
1
1
1
1
1
1
1
1
1
1
1
1
1
46
1
1
1
3
1
1
1
2
1
1
1
2
1
1
2
194
4
3
3
7
1
16
313
39
29
2
1
1
1
1
1
1
1
1
1
1
1
1
2
1
1
1
1
1
1
1
1
14
1
9
6
1
2
1
3
4
195
5
1
1
5
1
1
1
1
1
1
2
1
1
1
2
2
1
447
1
1
5
66
6
71
5
5
1
43
1
17
7
2
3
1
18
17
1
1
40
2
9
6
1
13
1
298
7
2
8
2
1
4
35
487
1
1
28
1
2
1
1
1
1
1
1
1
2
1
1
1
174
8
1
2
1
2
5
7
1
53
56
123
1
1
4
4
3
4
7
1
27
1
30
165
9
21
27
4
1
15
1
5
2
2
5
2
1
2
1
5
81
65
18
2
3
1
2
5
5
1
3
108
2
2
1
1
1
1
1
1
1
2
2
1
1
1
2
1
1
1
45
1
7
1
33
1
1
2
1
1
1
1
4
2
1
1
11
1
1
29
1
1
4
1
3
3
2
1
1
409
130
8
1
4
1
25
1
101
14
1
79
2
5
9
1
11
14
2
8
1
8
1
1
33
3
1
1
2
2
1
1
1
1
1
2
1
2
1
1
24
2
1
5
1
1
1
50
2
2
1
20
1
1
1
1
2
1
1
1
2
1
1
2
1
1
3
15
3
6
27
1
1
7
1
1
33
3
1
1
3
1
1
1
1
1
1
4
12
5
2
12
1
7
1
11
2
1
3
46
1
2
3
1
27
1
1
1
1
2
2
1
2
1
1
1
2
1
1
3
1
1
23
13
1
399
1
2
1
1
1
7
1
10
7
6
1
1
1
1
1
1
2
5
1
1
1
52
1
4
1
1
2
1
1
1
1
1
2
1
1
1
1
1
13
1
1
1
11
1
19
13
4
2
3
6
2
4
17
2
3
3
2
7
7
6
2
4
1
1
6
5
99
6
53
18
19
13
21
1
7
1
1
1
1
1
1
1
2
1
1
2
1
1
1
1
16
219
29
3
2
3
6
2
4
36
2
1
1
1
1
1
1
2
1
17
1
1
1
35
1
1
1
1
13
2
1
2
3
2
6
1
5
4
1
1
1
4
1
1
1
1
4
5
4
1
46
2
1
1
1
1
17
8
6
1
1
149
4
27
5
14
2
10
1
5
105
54
55
4
3
1
83
1
6
1
13
7
2
2
6
1
2
1
17
7
13
1
16
1
1
1
1
1
6
3
1
7
1
4
1
4
2
8
3
3
4
27
3
1
31
1
1
1
1
7
1
1
1
2
3
14
60
1
2
3
1
5
2
1
1
5
7
5
5
227
1
3
6
1
1
1
1
12
1
7
231
1
1
4
11
8
3
33
1
5
5
7
54
1
5
3
107
1
2
1
5
3
7
5
3
5
3
5
1
2
2
1
1
2
4
1
1
1
3
1
1
6
1
3
5
7
4
35
8
1
3
8
9
1
1
1
1
8
1
3
3
4
1
13
1
1
1
1
8
4
2
2
2
2
6
1
118
1
1
1
1
2
31
36
1
36
1
12
4
298
6
19
66
1
1
2
2
1
1
1
1
2
1
1
1
1
1
1
1
1
53
1
3
20
2
1
1
1
3
1
1
2
1
1
1
1
1
1
1
56
1
1
6
5
3
1
1
1
3
2
41
1
34
4
2
7
2
3
4
6
70
1
1
1
2
1
1
1
1
1
2
1
1
1
1
3
54
1
1
1
1
2
1
2
1
1
1
1
1
1
33
1
1
197
1
6
1
11
23
4
45
1
2
4
3
2
1
1
7
2
4
3
1
1
2
4
1
1
1
15
2
39
1
1
3
5
1
1
4
2
24
15
4
10
1
1
5
2
17
2
20
24
5
2
3
1
56
4
3
2
5
1
79
1
6
1
12
1
3
12
4
1
21
21
2
4
12
4
46
5
1
7
1
6
2
10
10
8
1
10
1
1
1
1
2
9
14
1
1
3
5
3
5
1
67
1
5
5
25
38
4
12
23
2
7
9
9
1
49
8
5
1
1
7
2
1
6
66
115
13
18
1
1
5
3
1
4
21
3
15
149
1
1
45
1
16
1
1
48
4
19
1
4
1
2
1
1
81
1
1
1
10
5
1
2
2
1
10
4
4
2
4
3
3
5
1
9
4
15
1
7
2
1
2
2
1
1
30
21
74
4
16
2
2
189
30
4
3
4
182
2
1
9
1
1
2
1
2
2
1
2
1
5
2
1
1
3
1
5
1
43
19
1
1
1
4
3
2
5
1
65
10
15
101
7
4
1
7
1
50
4
5
1
8
63
4
11
12
1
4
5
1
1
1
10
7
2
1
1
233
1
49
1
1
12
7
8
5
5
1
1
102
7
98
2
10
2
1
1
1
1
1
30
1
1
1
1
1
1
1
1
1
1
11
1
1
1
1
1
45
34
3
1
2
7
2
33
1
1
28
2
4
1
1
1
1
1
2
1
1
3
29
2
1
1
2
1
348
64
1
462
1
1
515
200
1
1
2
1
1
1
2
1
35
3
1
2
5
1
1
201
1
1
1
1
6
3
1
9
2
31
6
1
7
5
1
1
18
32
6
8
13
1
1
15
1
1
1
1
1
1
1
1
1
4
3
1
1
2
8
6
1
3
5
181
28
1
5
3
15
1
2
3
5
1
1
106
29
73
5
5
25
16
3
7
24
4
10
5
1
10
5
7
4
58
3
17
8
4
1
15
9
3
3
2
4
1
3
5
1
49
2
40
14
1
1
5
3
2
1
1
5
16
4
1
1
9
1
1
2
3
1
4
3
8
1
8
43
1
151
16
1
4
2
3
1
41
35
34
1
3
7
1
1
1
2
1
2
216
18
3
71
1
7
1
54
1
1
5
8
3
1
92
1
93
15
73
13
6
4
84
1
1
1
12
11
1
1
1
3
2
1
31
2
10
8
1
9
127
5
73
18
24
90
8
5
8
10
5
19
34
1
6
9
2
11
1
11
3
3
1
13
1
5
1
3
1
45
37
1
16
1
6
4
1
55
1
1
1
45
5
11
1
19
4
3
1
29
8
4
1
1
5
3
5
1
32
1
1
4
4
3
2
1
1
2
60
7
397
16
7
3
1
3
7
3
39
1
15
5
1
168
2
1
1
16
2
1
1
1
1
5
3
5
1
46
1
1
11
1
6
10
2
1
3
1
1
60
47
3
3
1
1
235
16
26
4
7
1
3
11
34
1
143
2
7
14
1
4
2
82
23
5
6
2
1
2
1
1
38
3
1
2
5
2
4
1
16
2
1
1
1
6
1
3
4
1
5
1
1
1
2
3
1
5
1
1
1
82
108
1
1
18
49
1
10
1
1
1
2
1
1
2
2
1
1
3
2
1
18
59
4
2
8
3
3
4
149
1
1
1
2
1
1
1
1
48
1
1
1
1
1
1
1
2
26
155
1
3
21
1
2
5
11
1
20
11
6
34
1
1
1
1
2
1
1
1
2
1
1
1
1
1
1
1
69
15
13
6
62
57
1
3
4
1
6
4
3
2
7
2
4
1
25
26
11
3
3
1
1
5
5
1
5
5
1
52
1
24
1
1
5
1
1
1
1
1
2
1
1
1
1
1
1
1
1
1
1
1
1
1
1
2
1
1
2
4
3
3
4
12
7
2
9
2
1
4
32
4
3
3
8
2
4
10
1
6
2
1
1
1
2
3
9
5
1
1
1
8
8
1
14
1
80
78
1
129
1
2
18
52
1
1
15
1
2
1
1
119
1
6
1
9
10
3
1
4
1
3
3
1
6
1
1
358
2
2
1
2
6
1
9
6
140
2
1
5
168
2
96
114
1
9
24
1
2
5
3
1
2
4
3
15
3
3
1
2
4
4
5
9
8
1
3
5
1
40
2
4
1
4
1
1
5
5
1
45
1
218
10
1
22
2
219
19
1
1
25
65
41
45
98
1
5
4
1
1
1
100
125
4
1
5
1
1
81
1
1
1
2
1
1
1
1
1
1
1
1
1
1
1
1
2
2
1
336
1
319
3
137
109
1
4
5
111
4
3
2
316
333
1
326
131
1
4
5
3
31
1
25
14
291
8
143
1
32
38
1
11
4
63
1
1
3
1
98
250
209
1
1
2
1
1
1
49
16
1
1
3
1
14
2
1
1
1
2
3
2
2
1
1
2
38
1
319
56
70
1
1
1
2
1
1
1
1
1
2
1
2
1
1
5
51
4
288
1
4
4
3
17
1
302
35
1
6
5
1
11
1
1
1
1
1
1
1
2
5
24
5
2
1
1
1
4
64
54
6
4
1
1
1
1
1
3
1
1
1
2
2
1
1
1
1
1
1
1
89
21
3
1
71
1
18
4
1
1
1
4
6
5
1
116
199
1
1
2
2
1
1
1
1
2
1
2
1
1
1
13
28
1
2
3
1
1
1
1
1
1
1
1
1
1
1
1
152
3
1
1
1
3
1
1
1
2
1
1
1
1
1
1
1
144
179
2
1
1
1
1
1
1
1
1
1
1
1
1
2
1
1
1
3
1
2
1
3
1
2
7
2
7
10
1
32
1
1
1
3
78
3
9
1
5
4
1
1
6
1
2
4
1
34
5
1
33
1
12
1
8
2
1
4
5
14
4
73
1
2
6
7
6
40
5
143
1
1
1
5
19
16
1
359
1
257
1
22
13
1
1
2
1
1
65
103
20
74
1
11
1
3
48
81
1
14
7
40
2
7
6
1
32
1
1
74
12
4
234
2
1
1
1
3
1
1
1
2
1
1
1
1
1
1
1
23
1
13
3
1
4
2
1
21
9
1
51
2
1
1
2
1
1
1
2
1
1
1
3
1
1
1
2
424
20
143
36
4
2
7
2
3
4
1
29
50
1
64
223
2
1
1
1
2
1
1
1
1
1
1
1
1
1
1
1
1
2
329
1
41
2
3
2
1
1
3
5
4
1
1
1
154
1
5
8
2
32
1
1
6
5
102
1
5
5
168
2
13
26
2
3
5
17
8
9
9
3
6
1
9
14
1
6
39
27
1
10
5
11
4
34
3
5
4
1
22
1
2
2
2
7
1
2
2
1
1
1
1
1
2
1
1
4
2
1
1
76
1
35
28
21
10
9
1
1
7
278
23
133
4
1
1
1
3
1
1
1
7
7
1
1
1
1
1
1
1
1
1
1
1
2
5
5
58
1
31
1
1
123
2
27
3
1
2
5
1
19
1
1
4
5
3
1
1
1
3
2
1
8
2
1
38
1
73
1
1
1
1
1
1
1
1
1
1
1
1
1
1
1
1
1
77
227
21
1
1
1
2
1
1
1
1
1
1
1
1
1
1
1
1
2
340
1
1
236
9
1
3
6
2
1
3
32
3
1
14
79
1
1
2
3
1
1
1
1
1
1
1
1
1
1
1
1
1
1
6
1
1
4
9
2
211
1
3
3
2
1
3
1
299
10
4
10
120
5
105
252
131
7
4
1
18
1
1
71
76
9
1
1
1
2
1
1
2
1
1
1
2
1
2
2
1
4
1
18
24
1
4
1
1
18
18
1
1
1
1
1
6
1
12
10
1
2
1
2
5
2
8
65
2
6
3
5
2
1
2
1
8
3
11
46
1
1
1
2
1
4
1
1
1
2
5
35
2
1
1
2
1
1
1
2
1
1
1
3
1
1
1
7
1
1
1
1
1
2
1
1
1
1
1
1
1
1
1
1
1
1
2
14
4
51
36
4
1
2
8
2
2
7
12
5
2
1
5
2
7
2
2
4
14
4
1
7
1
1
1
1
1
1
1
1
1
1
1
1
1
2
2
2
1
1
1
1
8
1
1
1
1
1
1
1
19
6
3
4
20
1
1
1
1
1
1
1
1
3
1
1
3
1
1
1
2
1
4
11
3
132
303
140
1
15
6
1
5
21
1
64
1
2
2
1
1
17
7
1
1
31
1
1
1
1
1
1
2
1
1
2
1
1
1
1
1
80
1
487
98
24
2
452
1
99
1
21
2
3
1
3
8
14
2
1
5
1
1
1
2
1
1
1
4
4
1
4
1
4
5
1
1
1
1
1
1
2
1
2
1
1
2
2
1
1
16
55
1
1
1
2
1
1
3
1
1
1
1
1
1
1
1
1
2
1
1
1
3
1
1
1
1
27
1
4
60
30
1
2
4
3
1
2
4
3
4
2
14
1
1
4
5
38
1
4
4
1
1
4
3
1
41
1
4
1
99
11
1
2
1
1
2
1
1
1
1
1
3
3
2
206
183
108
1
2
1
2
1
1
1
1
1
1
1
1
1
1
28
6
19
1
1
1
1
1
1
1
2
1
1
1
3
1
1
2
109
1
2
2
1
1
1
3
1
2
1
1
2
20
1
1
1
1
1
1
1
2
1
1
4
1
1
4
1
47
17
4
1
13
1
4
27
1
107
1
4
7
1
3
35
1
19
9
1
14
4
1
23
1
2
2
1
2
1
3
1
1
30
72
4
5
7
4
12
22
1
4
4
2
1
7
3
1
14
3
1
1
1
1
1
3
1
1
1
2
4
3
1
1
1
44
160
1
1
229
4
82
5
8
13
157
5
7
5
4
4
6
1
1
1
3
29
6
1
1
2
6
10
2
1
1
2
4
5
1
5
3
