2
218
10
1
8
3
4
5
4
16
6
1
4
3
7
1
81
2
1
2
1
2
4
301
12
43
200
7
86
5
118
61
5
3
42
11
2
2
20
16
7
151
7
7
6
129
7
17
2
755
1
5
7
16
11
13
1
2
2
1
1
2
1
1
5
8
6
8
8
4
13
1
2
13
9
10
37
21
8
7
4
16
4
130
5
59
8
4
6
23
71
7
72
11
44
3
31
3
3
6
5
64
4
4
1
1
1
3
30
4
19
4
9
3
1
1
2
4
3
1
16
19
1
4
1
1
1
1
1
3
21
3
1
3
1
184
5
28
4
63
4
105
1
1
1
185
19
1
2
1
1
4
10
1
162
1
2
10
124
2
11
19
4
3
2
5
61
5
121
43
13
27
48
4
13
16
53
7
5
11
4
83
5
3
68
17
26
38
21
1
6
8
1
10
93
3
15
28
270
6
4
5
22
7
133
21
24
8
10
33
25
1
3
3
56
16
2
2
4
6
66
1
844
6
8
3
9
1
4
8
112
1
180
6
558
4
1
2
5
5
4
557
4
4
1
1
1
21
50
6
46
5
343
1
5
5
10
16
5
230
294
4
4
10
8
3
77
10
16
9
174
2
5
36
7
129
18
19
3
107
277
227
109
4
262
4
8
12
4
113
9
4
2
193
2
1
2
1
223
35
6
1
2
1
4
4
4
21
5
1
1
1
4
17
4
18
351
4
4
1
4
13
116
3
7
28
6
3
5
7
5
1
2
1
1
11
1
50
72
3
12
10
10
41
20
18
8
2
22
445
6
32
17
124
1
1
6
5
394
15
5
8
14
39
82
7
4
18
5
108
9
8
8
80
2
372
6
1
1
4
4
1
4
23
77
1
12
23
49
3
2
202
6
2
354
261
80
9
17
1
15
23
2
1
19
207
9
8
3
1
2
209
129
3
11
97
8
7
15
10
2
18
13
15
6
15
192
8
11
12
5
11
7
20
78
10
115
21
1
1
56
17
30
3
4
15
4
1
1
1
1
78
45
18
100
18
72
1
2
4
2
143
8
28
4
45
5
4
15
5
4
8
5
5
9
390
9
4
1
19
2
6
14
13
36
40
475
95
12
68
6
9
1
7
8
5
5
29
193
24
8
4
45
31
57
5
7
25
26
2
1
106
50
3
5
4
4
1
2
1
1
2
20
1
1
1
2
4
6
4
4
5
69
5
11
3
13
85
3
84
14
4
6
7
168
11
7
2
4
38
1
3
124
5
14
7
260
5
18
38
1
28
2
1
2
1
3
2
1
18
51
8
21
61
24
1
1
1
1
1
4
4
23
1
1
1
72
35
6
57
68
17
6
8
1
4
5
384
1
1
1
1
1
1
6
13
3
235
5
5
457
1
3
1
15
78
7
1
1
651
274
1
4
4
17
4
2
1
4
4
19
19
2
1
8
55
11
1
6
367
1
2
2
10
1
1
1
57
332
191
1
1
1
4
2
6
8
1
68
17
13
5
10
5
2
2
62
10
93
3
2
8
20
2
9
11
10
8
1
4
2
2
30
9
1
1
2
1
1
17
10
71
4
11
3
13
28
4
30
65
1
2
14
63
1
1
2
159
209
1
1
1
1
420
146
1
2
13
3
176
1
1
89
2
67
13
4
275
1
1
1
108
1
4
13
11
10
5
172
2
7
10
5
4
8
285
9
2
13
1
2
4
32
26
1
1
1
73
1
2
1
77
1
1
1
1
50
1
2
149
83
36
7
242
6
10
35
5
4
8
10
18
5
102
8
4
4
8
7
8
1
6
11
4
19
55
7
10
4
14
434
21
383
4
3
16
4
1
1
1
10
251
72
11
7
158
2
321
1
102
9
4
45
1
195
4
56
5
19
223
38
631
5
31
19
230
63
52
176
10
38
3
5
7
4
26
75
2
4
4
1
2
4
3
1
46
241
1
5
36
1
1
1
197
4
4
1
4
4
1
10
22
2
1
22
30
8
77
13
62
3
141
21
2
31
7
363
1
6
113
54
189
3
3
15
37
1
2
6
1
2
1
1
229
1
1
3
52
2
9
3
16
24
7
10
5
1
1
1
95
10
4
4
54
12
3
14
2
13
2
4
20
11
18
1
7
1
1
1
1
1
1
1
30
1
1
1
6
3
7
1
1
99
1
9
2
35
12
2
9
78
97
4
4
4
4
1
1
14
4
7
7
12
62
3
39
46
107
995
4
838
28
2
6
3
4
10
3
53
117
131
80
4
121
27
239
38
22
173
2
9
4
13
10
7
5
5
3
7
4
5
185
9
303
17
11
6
198
38
11
18
5
7
4
57
8
29
9
4
32
8
172
11
4
8
4
4
17
14
2
1
1
1
1
64
8
4
10
357
2
11
8
9
86
65
9
1
143
124
12
156
11
58
16
107
12
1
94
21
2
5
9
115
3
15
3
2
4
54
2
409
248
9
93
15
29
101
65
156
15
23
2
1
2
4
9
16
29
4
11
9
19
3
8
8
357
54
13
35
2
3
1
2
2
2
4
8
10
6
23
3
43
17
6
34
22
8
4
2
1
1
26
333
22
265
16
4
2
42
5
4
5
21
8
7
2
1
1
1
1
4
3
379
1
7
33
5
6
6
7
7
21
3
52
34
287
4
221
12
1
11
11
5
5
11
116
14
8
15
2
5
26
1
1
1
1
1
3
1
1
1
4
4
1
2
4
1
2
1
1
6
33
12
6
9
35
2
1
6
3
3
14
1
1
6
3
3
4
236
127
5
25
2
5
4
30
5
8
5
46
52
6
5
9
73
17
97
9
1
5
24
9
9
6
2
13
10
2
4
17
4
1
7
94
1
1
2
1
4
13
9
4
36
4
43
21
44
1
7
101
50
10
16
3
4
1
10
12
49
4
23
3
21
2
60
4
169
7
8
16
33
7
3
50
2
171
3
83
233
5
8
122
4
8
24
4
14
3
12
15
182
25
72
17
162
14
28
7
135
53
22
1
11
2
1
4
1
1
5
5
3
1
1
3
1
1
18
21
1
5
1
1
17
1
1
1
2
1
10
2
4
21
95
51
1
1
1
3
1
8
14
1
1
152
6
232
1
34
1
2
1
1
7
2
17
131
42
5
5
5
5
10
13
1
1
2
139
382
1
9
65
4
1
1
8
3
3
3
42
1
7
7
1
1
1
15
6
12
1
3
1
3
7
4
15
35
1
4
4
8
7
4
30
3
38
4
1
4
47
13
22
1
2
1
48
19
8
3
16
11
30
2
42
40
3
42
24
1
1
2
1
26
1
2
1
8
7
1
484
8
8
10
89
19
1
23
4
1
108
10
3
3
11
21
7
5
140
191
4
5
8
127
4
120
23
7
3
7
13
10
6
4
3
3
4
4
25
1
1
3
14
24
2
16
11
6
7
42
11
7
230
12
7
3
38
4
4
44
5
6
8
60
8
5
14
1
1
32
17
398
4
1
148
5
8
137
2
61
29
4
7
482
128
6
8
53
35
57
2
52
4
6
7
2
5
9
148
3
88
6
5
295
19
2
2
15
4
98
196
48
19
32
6
4
168
1
2
4
4
20
113
4
16
25
100
47
4
3
2
57
4
10
40
13
7
3
7
92
4
115
2
19
9
128
6
1
2
4
1
3
9
10
13
4
8
15
5
12
11
7
5
29
4
82
63
12
16
97
2
52
18
7
21
5
92
11
2
4
8
3
6
18
50
3
9
4
7
106
7
109
67
3
2
6
6
4
4
6
4
8
14
3
16
13
16
387
15
5
308
2
57
17
19
1
1
2
6
1
4
1
108
33
142
19
19
2
32
8
91
112
9
3
5
14
2
20
14
14
4
187
2
140
4
109
67
1
7
1
4
11
2
3
12
4
113
18
10
1
3
20
268
6
244
5
78
356
3
2
285
97
8
113
10
14
17
367
114
60
4
2
1
2
15
1
15
1
4
14
110
7
20
5
1
18
4
66
26
82
1
1
22
2
1
1
14
2
20
29
4
83
1
1
1
1
2
2
1
2
3
57
12
1
3
1
11
12
2
1
13
4
3
17
9
22
18
4
36
2
4
48
10
20
23
4
9
161
4
4
4
1
3
7
2
1
3
30
108
15
133
4
4
18
9
7
2
4
14
7
5
5
14
17
3
8
2
39
8
63
7
207
436
3
81
335
10
307
1
2
1
1
48
3
4
22
2
29
37
26
2
177
8
11
1
6
11
10
9
16
30
8
8
2
8
9
7
7
67
8
8
32
27
85
8
196
5
6
7
10
1
298
8
7
1
73
21
309
1
1
1
190
1
1
69
1
1
1
3
26
1
4
4
1
1
116
5
1
1
1
1
456
739
50
110
88
4
1
8
1
14
1
1
229
158
133
223
3
7
469
18
4
2
1
1
215
60
3
1
257
28
46
48
1
17
11
3
162
6
37
4
2
4
32
2
3
1
11
10
5
5
12
13
2
9
13
3
4
201
1
20
178
380
4
14
2
1
4
1
15
126
13
1
4
1
37
7
1
1
1
15
4
2
1
1
220
1
19
100
1
8
5
36
4
11
34
67
3
5
6
52
335
1
1
1
34
7
8
8
3
13
1
1
1
42
14
1
1
3
2
4
31
1
3
1
19
6
4
4
4
54
1
1
2
45
729
1
19
4
4
1
13
5
39
43
4
20
3
1
1
1
2
105
167
236
1
1
1
1
2
14
3
1
1
55
10
1
1
127
1
1
1
1
15
5
111
299
7
8
5
41
5
1
162
47
12
184
87
9
5
20
9
6
3
10
9
1
5
3
2
3
356
4
74
3
32
8
2
4
5
7
9
58
103
17
166
19
19
7
40
12
11
8
8
10
41
3
78
7
6
8
7
5
19
8
4
85
1
12
10
5
1
1
2
1
7
1
1
1
38
2
2
2
64
1
20
3
9
3
2
5
14
1
1
2
1
53
526
11
8
7
5
4
3
58
3
3
10
3
5
4
1
1
1
1
1
1
1
1
46
1
1
1
194
7
16
29
1
1
1
14
9
3
1
2
2
5
6
5
17
17
9
13
298
4
487
28
1
1
1
7
53
123
1
4
27
30
27
5
2
18
3
1
1
1
45
7
33
1
11
1
1
409
4
101
79
9
14
8
8
33
2
1
2
1
1
1
2
20
1
2
1
6
33
1
1
1
12
12
11
3
2
1
1
1
1
23
7
5
1
52
4
13
11
13
4
2
7
4
6
53
13
7
1
1
16
29
4
1
2
1
1
13
6
5
1
4
4
4
46
17
10
5
54
3
83
6
7
2
7
16
1
7
4
4
4
7
14
2
2
7
1
7
8
5
5
107
2
5
2
2
3
6
3
7
35
3
9
8
13
8
6
118
2
36
36
12
298
2
1
1
1
2
1
1
56
1
41
4
4
1
2
54
1
2
33
1
6
11
2
4
1
1
15
5
4
24
10
17
20
3
56
79
6
12
12
21
2
12
5
7
6
10
8
1
2
14
1
67
5
12
7
5
2
6
5
21
15
45
48
19
4
2
1
1
10
1
2
10
3
15
7
30
74
2
189
182
9
2
2
3
19
1
65
15
7
7
5
8
11
4
2
233
49
12
5
7
10
1
1
1
1
45
3
33
1
2
1
1
2
64
515
2
2
35
1
9
31
7
32
1
3
8
3
181
5
15
3
106
5
3
24
10
10
7
3
8
15
4
5
49
40
5
4
9
3
8
8
151
4
1
2
71
7
8
92
93
73
1
1
3
31
10
9
18
90
8
34
9
3
3
45
16
4
45
3
29
4
5
1
2
16
7
2
2
1
1
11
10
3
60
1
26
11
143
14
4
82
1
38
4
16
6
1
3
1
82
1
18
1
2
18
4
4
1
1
1
26
3
11
6
1
2
69
13
57
4
4
4
25
5
5
24
5
1
1
1
2
4
4
7
4
4
4
6
9
8
14
80
2
52
15
6
9
6
6
9
140
1
114
9
2
9
3
4
5
22
19
25
4
100
5
81
1
1
1
109
4
131
4
31
143
32
11
63
3
250
1
1
1
14
3
38
319
1
1
2
51
4
17
302
5
11
1
2
2
4
4
1
1
1
21
71
18
1
4
199
2
2
28
2
1
1
1
1
1
1
1
1
3
7
4
4
34
12
8
14
73
7
5
16
22
2
65
20
3
7
7
32
12
234
1
1
1
23
13
21
1
1
1
424
4
4
50
1
1
1
329
41
1
8
32
6
102
5
168
13
3
9
3
9
6
27
11
4
2
7
2
10
4
7
1
5
123
27
19
1
8
38
1
1
1
77
21
1
1
1
340
1
9
3
79
2
1
1
6
9
211
3
299
105
4
18
76
1
2
4
18
4
18
1
1
8
6
2
1
2
5
1
1
1
1
1
1
14
36
7
5
1
4
4
1
1
19
1
1
11
132
15
5
2
17
1
31
1
1
1
487
24
452
99
8
4
4
1
2
1
1
2
1
1
1
1
27
4
30
2
2
4
38
4
3
4
99
1
1
3
206
108
2
1
1
1
2
1
2
2
3
1
1
4
13
27
4
3
19
4
2
2
72
7
4
3
14
1
3
44
8
157
7
4
6
10
2
5
5
